# GIMP colorrc
# 
# This file holds a list of recently used colors.

(color-history
    (color-rgba 0 0 0 1)
    (color-rgba 0.69158812707003925 0.95327102803738317 0.53741453929624294 1)
    (color-rgba 0.7921568751335144 0.84705883264541626 0.88627451658248901 1)
    (color-rgba 0.080568045223063697 0.20560747663551404 0.006899579752869589 1)
    (color-rgba 0.10437224040260522 0.26635514018691586 0.0089380919525810561 1)
    (color-rgba 0.10803442427638084 0.27570093457943923 0.0092517092140751277 1)
    (color-rgba 0.57255263193106976 0.81775700934579443 0.42808756193940917 1)
    (color-rgba 0.10475144144523045 0.26168224299065423 0.01229379665056766 1)
    (color-rgba 0.36668130213886968 0.73831775700934577 0.71747832963343128 1)
    (color-rgba 0.36668130213886968 0.73831775700934577 0.36668130213886968 1)
    (color-rgba 0.016558991406887057 0.41121495327102808 0.016558991406887057 1)
    (color-rgba 1 1 1 1)
    (color-rgba 0.086274512112140656 0.094117648899555206 0.098039217293262482 1)
    (color-rgba 0 0 0 6.923327380706518e-310)
    (color-rgba 0.87447698744769875 0.4466313062733071 0.093903569121900496 1)
    (color-rgba 0.30614136081547838 0.99163179916317989 0.99163179916317989 1)
    (color-rgba 0.87450980392156863 0.44705882352941179 0.094117647058823528 6.9015935711515376e-310)
    (color-rgba 0.61110331077476054 0.79894052763772749 0.97907949790794979 1)
    (color-rgba 0.35294117647058831 0.92549019607843142 0.54458938387070321 1)
    (color-rgba 0.92549019607843142 0.81176470588235294 0.35294117647058826 1)
    (color-rgba 0.88098748106721292 0.52034483726938308 0.91213389121338917 1)
    (color-rgba 0.96234309623430958 0 0.26575165000612705 1)
    (color-rgba 0.39148509539798293 0.0543371430176069 0.53974895397489542 1)
    (color-rgba 0.91992777841551221 0.99163179916317989 0.30614136081547838 1)
    (color-rgba 0.35294117647058831 0.5733366149807203 0.92549019607843142 1)
    (color-rgba 0 0.085782811925561447 0.20920502092050208 1)
    (color-rgba 0.94979079497907948 0.94219386575565567 0.91154418578529106 1)
    (color-rgba 0.92549019607843142 0.81176470588235294 0.35294117647058826 4.6504889752489828e-310)
    (color-rgba 0 0.10293937431067374 0.2510460251046025 1)
    (color-rgba 0.97489539748953979 0.94872370896633074 0.94872370896633074 1)
    (color-rgba 0.9874476987447699 0.96756620145460681 0.96756620145460681 1))

# end of colorrc
